curr cut 67
curr cut 70
curr cut 71
curr cut 69
curr cut 68
curr cut 68
curr cut 71
curr cut 71
curr cut 70
curr cut 69
{151,445,163,448,219,234,4,434,451,453,7,425,289,174,244,486,100,74,211,148,382,187,282,272,153,161,478,50,160,269,371,131,223,95,492,39,450,323,489,144,484,274,118,79,241,456,447,243,322,203,55,22,51,233,479,56,353,433,32,192,210,421,10,317,28,359,312,225,242,27,288,395,263,140,176,222,318,205,324,85,266,305,473,457,401,229,123,186,228,214,412,179,188,307,415,180,327,379,201,135,15,348,58,342,469,430,465,284,197,231,111,354,357,376,355,76,394,209,328,407,485,89,208,461,77,483,422,409,46,491,114,380,313,278,9,262,3,280,41,427,273,189,475,303,293,287,417,120,104,413,297,200,310,490,419,248,45,337,331,239,190,143,128,340,364,11,356,441,290,389,19,253,224,91,107,204,268,277,226,462,108,134,346,1,398,393,362,43,170,8,171,57,35,279,136,381,482,159,202,488,150,470,61,454,127,82,75,390,494,138,245,25,54,126,440,49,90,97,52,13,292,69,431,139,112,471,155,299,281,34,406,363,88,444,311,152,83,172,86,60,215,26,141,221,420,366,265,330,165,367,423,480,352,42,333,2,481,36,93,81,464,294,121,124,72,267,466,275,424,182,349,94,296,256,365,102,110,73,405,137,142,347,115,113,146,416,116,351,321,374,370,207,125,59,493,304,271,216,250,14,291,411,410,92,24,428,62,255,162,463,40,84,372,149,261,66,283,198,443,154,396,181,378,459,254,369,399,252,67,260,316,402,23,235,175,258,249,80,48,259,332,132,361,133,236,194,386,392,64,385,251,37,477,247,29,435,270,103,78,285,105,44,377,99,213,429,98,38,335,5,246,432,373,408,17,298,217,178,315,309,442,358,183,130,65,455,156,101,474,212,173,350,384,344,301,237,439,368,446,418,70,449,458,177,109,383,334,436,196,329,414,325,460,276,391,295,240,30,320,33,227,147,400,6,71,339,195,122,168,338,12,257,129,169,230,157,388,220,472,20,306,185,31,232,106,467,167,18,53,403,487,286,343,199,437,87,360,264,68,206,193,238,158,476,314,375,326,166,319,308,452,218,117,184,336,341,164,16,404,387,302,21,468,345,145,47,426,63,438,300,119,191,397,96,Nombre del problema: 494_bus.mtx.rnd } maxCut: 67
Tempo de execução 10 chamdas: 5707
curr cut 106
curr cut 106
curr cut 109
curr cut 108
curr cut 106
curr cut 107
curr cut 111
curr cut 108
curr cut 107
curr cut 113
{615,629,264,303,477,211,429,244,191,29,236,78,218,395,419,374,325,188,205,224,245,587,293,649,104,582,167,508,433,92,529,315,109,150,281,598,522,203,185,193,591,254,647,40,548,33,565,635,52,299,365,119,278,129,481,304,480,424,217,657,407,347,389,103,134,35,382,527,436,447,212,12,375,107,458,286,645,411,71,5,274,324,269,639,208,89,612,176,93,8,446,334,641,86,578,394,461,189,155,36,113,123,289,268,15,306,655,625,546,413,602,17,610,202,541,263,68,265,520,448,331,98,73,335,359,4,542,367,593,507,545,124,435,125,622,352,401,596,603,74,399,102,84,608,589,528,246,604,206,339,271,44,37,371,276,648,238,2,57,500,46,51,651,248,417,464,232,270,474,283,241,38,54,493,175,564,20,425,227,259,174,87,215,332,316,366,388,14,373,563,526,201,616,142,165,552,314,50,502,243,634,186,617,16,100,430,228,549,111,467,642,204,631,556,219,297,298,377,581,133,321,484,559,222,498,149,116,291,577,534,187,192,139,82,592,398,345,462,290,605,523,353,501,597,28,537,262,661,406,637,567,132,470,230,402,72,485,48,284,530,442,76,250,421,309,473,351,7,99,234,404,105,172,252,652,151,3,554,138,571,540,576,580,296,251,77,483,65,261,300,599,147,257,196,405,258,472,626,595,452,282,560,255,650,128,311,658,173,302,453,518,340,640,630,266,96,323,118,515,144,558,566,170,654,344,85,482,330,156,11,164,342,249,601,443,56,532,152,145,403,253,343,660,370,288,536,455,207,75,277,285,22,137,385,91,13,95,62,200,451,487,363,135,478,310,512,112,457,440,168,620,618,327,376,361,131,623,614,231,410,59,97,572,39,267,369,66,308,161,466,292,31,524,198,450,497,239,494,319,197,280,378,489,426,9,491,182,178,449,279,88,329,495,336,158,503,146,233,110,256,379,235,434,70,550,381,130,624,441,476,47,328,6,242,392,636,348,34,177,387,463,569,409,628,525,561,136,486,504,58,162,32,427,516,30,21,510,180,160,337,1,390,583,101,356,183,220,313,444,184,194,396,590,600,412,55,338,69,613,438,400,543,570,418,514,312,656,519,61,221,368,488,360,42,420,557,190,341,490,509,94,115,632,318,23,437,492,79,627,294,579,383,64,346,307,322,459,121,153,127,333,181,67,166,432,414,586,26,195,169,326,19,573,428,439,416,179,120,408,275,551,585,547,210,397,63,272,619,384,214,588,159,423,287,454,216,456,273,386,225,80,229,354,471,143,157,505,594,317,171,117,247,24,148,607,141,108,496,43,475,575,237,27,584,415,213,199,469,621,643,355,358,644,223,83,662,49,122,611,18,260,362,568,499,114,465,154,431,81,209,633,609,460,562,391,349,364,25,163,544,60,553,372,53,445,140,555,126,320,357,393,10,350,301,106,538,240,606,535,41,479,422,226,653,521,539,305,659,533,45,517,380,646,531,468,506,511,513,638,574,295,90,Nombre del problema: 662_bus.mtx.rnd } maxCut: 106
Tempo de execução 10 chamdas: 13068
curr cut 204
curr cut 205
curr cut 204
curr cut 208
curr cut 207
curr cut 202
curr cut 202
curr cut 202
curr cut 208
curr cut 204
{48,88,47,110,82,75,54,23,114,28,128,45,79,111,86,91,22,76,62,5,121,55,78,11,83,123,32,70,127,125,4,89,18,36,73,77,67,25,119,26,109,38,80,27,81,100,44,63,124,87,74,117,68,106,90,108,35,19,99,101,103,13,57,102,93,10,24,84,112,15,42,66,51,50,65,49,56,40,118,107,58,12,105,52,96,116,7,21,9,71,37,16,72,61,64,17,113,115,14,98,30,85,120,34,31,94,129,130,29,122,2,41,46,1,126,6,39,53,33,3,97,69,95,92,59,60,20,43,104,8,Nombre del problema: arc130.mtx.rnd } maxCut: 202
Tempo de execução 10 chamdas: 653
curr cut 74
curr cut 77
curr cut 85
curr cut 73
curr cut 76
curr cut 85
curr cut 80
curr cut 75
curr cut 86
curr cut 76
{89,23,151,289,150,58,209,94,90,247,227,171,245,10,111,220,222,184,258,117,51,18,137,180,204,190,234,215,228,155,159,134,266,107,213,124,28,88,101,174,226,118,269,164,56,131,39,71,138,149,175,119,260,279,41,121,14,37,116,77,53,272,196,85,194,6,216,54,2,235,224,168,105,152,127,230,93,167,3,42,165,68,92,48,218,108,287,169,104,265,208,25,192,96,64,75,248,146,13,95,113,166,55,50,249,201,181,156,141,292,7,114,12,219,186,147,34,195,81,200,207,193,67,36,123,157,199,212,72,264,197,283,176,205,30,100,128,178,254,5,237,63,83,27,229,160,291,239,143,261,284,140,130,142,233,253,79,16,275,78,74,244,33,263,69,238,182,163,136,38,282,241,45,268,49,161,267,158,242,1,252,154,256,251,21,257,177,31,87,162,170,46,185,236,115,52,35,250,70,109,125,225,240,246,210,61,99,223,59,106,231,112,9,172,153,103,270,19,271,43,73,11,255,217,122,4,32,26,281,221,189,273,15,276,198,259,47,80,82,211,17,98,173,262,22,29,179,214,243,232,144,203,126,285,76,129,277,97,65,24,135,84,120,62,102,86,44,274,139,20,280,57,8,290,202,188,145,60,286,110,66,40,133,288,183,206,91,187,278,132,191,148,Nombre del problema: ash292.mtx.rnd } maxCut: 73
Tempo de execução 10 chamdas: 1945
curr cut 8
curr cut 7
curr cut 7
curr cut 6
curr cut 6
curr cut 6
curr cut 5
curr cut 6
curr cut 6
curr cut 6
{24,10,8,39,25,30,5,27,6,26,32,29,22,12,31,14,28,20,18,19,2,37,13,7,4,1,15,16,34,23,9,21,3,36,35,11,17,38,33,Nombre del problema: bcspwr01.mtx.rnd } maxCut: 5
Tempo de execução 10 chamdas: 24
curr cut 71
curr cut 63
curr cut 66
curr cut 63
curr cut 64
curr cut 63
curr cut 67
curr cut 66
curr cut 68
curr cut 66
{314,167,361,270,207,126,72,269,148,144,19,410,196,271,306,94,74,426,357,300,43,152,364,229,273,121,125,310,65,42,105,78,405,209,66,414,97,114,327,239,293,138,46,237,302,23,251,22,199,181,184,408,409,139,329,83,68,172,115,61,335,227,219,419,26,109,266,164,174,150,256,254,336,178,87,176,161,220,113,386,307,387,420,245,274,248,202,320,49,7,14,192,332,67,132,352,171,388,40,375,104,51,315,385,244,73,406,39,158,313,316,81,283,130,299,247,226,404,305,438,272,348,232,182,142,18,103,345,328,289,399,255,350,136,422,267,216,230,89,92,295,212,252,355,64,435,108,439,34,402,294,110,13,24,101,159,309,27,166,112,140,253,224,75,235,301,190,185,377,243,71,383,177,442,162,106,154,52,389,297,58,319,10,265,443,262,41,206,394,268,378,21,278,203,258,260,54,331,88,413,127,137,168,55,431,59,250,288,63,396,188,194,143,304,3,221,275,191,417,25,134,99,401,214,57,156,17,276,98,44,359,374,292,376,37,363,175,296,15,434,119,349,415,323,107,86,312,170,76,145,231,95,317,280,30,2,179,236,390,291,165,246,189,346,69,193,372,366,5,122,201,35,380,163,233,277,16,264,135,31,218,8,341,169,62,424,45,397,223,147,36,195,4,117,281,9,360,400,149,50,47,368,90,311,321,79,80,326,342,238,339,118,217,259,333,347,146,84,384,337,48,285,186,56,430,93,257,211,379,425,261,153,205,151,173,369,282,373,38,412,423,437,428,287,324,120,197,208,187,20,416,436,343,338,303,308,334,371,284,362,241,365,353,157,141,263,183,351,411,1,427,382,249,70,200,407,234,433,12,60,210,298,102,398,441,28,391,325,330,429,85,340,421,180,82,440,358,128,116,228,77,198,204,33,91,160,418,123,6,11,29,96,53,395,225,155,393,213,279,318,222,129,131,124,403,133,286,290,242,356,381,354,432,100,215,240,392,344,370,32,322,367,111,Nombre del problema: bcspwr05.mtx.rnd } maxCut: 63
Tempo de execução 10 chamdas: 3072
curr cut 42
curr cut 33
curr cut 33
curr cut 33
curr cut 35
curr cut 33
curr cut 32
curr cut 33
curr cut 33
curr cut 37
{13,27,25,39,37,6,44,41,23,1,29,7,8,11,35,17,20,16,26,45,48,4,31,14,43,2,28,34,10,15,5,12,18,42,22,24,36,19,46,40,9,3,33,38,32,30,47,21,Nombre del problema: bcsstk01.mtx.rnd } maxCut: 32
Tempo de execução 10 chamdas: 79
curr cut 1089
curr cut 1089
curr cut 1089
curr cut 1089
curr cut 1089
curr cut 1089
curr cut 1089
curr cut 1089
curr cut 1089
curr cut 1089
{1,2,3,4,5,6,7,8,9,10,11,12,13,14,15,16,17,18,19,20,21,22,23,24,25,26,27,28,29,30,31,32,33,34,35,36,37,38,39,40,41,42,43,44,45,46,47,48,49,50,51,52,53,54,55,56,57,58,59,60,61,62,63,64,65,66,Nombre del problema: bcsstk02.mtx.rnd } maxCut: 1089
Tempo de execução 10 chamdas: 1802
curr cut 322
curr cut 310
curr cut 322
curr cut 322
curr cut 311
curr cut 314
curr cut 320
curr cut 316
curr cut 320
curr cut 318
{72,118,28,57,94,52,101,37,65,122,60,130,35,33,32,75,91,29,116,115,92,119,21,66,108,113,51,71,110,82,24,104,111,64,3,15,90,121,120,16,109,117,83,22,89,25,106,97,68,93,77,34,81,84,47,88,17,13,18,26,107,70,43,14,38,6,63,31,7,127,55,69,58,8,12,86,79,128,9,41,1,103,102,74,98,49,11,27,87,5,126,20,42,99,85,67,112,124,44,4,40,23,53,132,46,114,129,50,76,39,59,62,48,10,95,96,45,123,80,2,131,105,36,19,125,54,56,100,78,73,61,30,Nombre del problema: bcsstk04.mtx.rnd } maxCut: 310
Tempo de execução 10 chamdas: 1173
curr cut 102
curr cut 111
curr cut 108
curr cut 110
curr cut 102
curr cut 111
curr cut 106
curr cut 109
curr cut 104
curr cut 106
{438,26,397,232,63,149,91,316,311,39,20,187,293,126,443,327,104,117,167,456,267,18,73,370,205,448,207,452,110,64,181,94,298,420,60,115,404,266,178,272,386,449,400,348,228,203,446,90,425,278,190,243,5,33,344,231,274,337,31,276,166,24,413,84,171,119,451,424,93,437,179,150,346,447,124,15,433,392,355,107,8,364,68,459,40,412,306,347,127,206,406,44,466,25,70,99,361,359,77,381,86,143,309,289,333,366,417,329,66,4,410,297,383,322,212,432,280,34,307,351,16,67,164,305,82,141,379,88,92,49,134,303,454,225,191,265,330,313,244,314,375,108,237,358,242,442,292,234,103,170,350,340,458,319,390,162,210,123,275,2,261,249,285,173,295,43,195,372,192,202,378,374,160,21,318,208,7,211,163,161,174,440,252,229,408,296,363,87,32,155,220,336,128,227,286,120,371,121,76,177,391,35,450,13,152,376,169,269,30,342,38,300,430,352,415,188,100,246,323,189,226,139,62,431,439,423,204,325,168,362,403,460,9,46,217,196,28,434,58,463,116,462,172,294,464,197,180,209,317,112,409,230,302,216,435,113,324,304,146,422,19,111,357,339,98,222,102,78,385,290,224,48,444,299,240,83,106,338,254,199,238,198,414,288,135,137,273,428,154,89,184,79,326,159,260,310,55,140,132,61,50,223,157,72,389,399,221,57,130,144,165,256,6,335,402,368,387,251,214,156,142,45,105,97,81,218,22,65,258,301,398,114,75,175,247,262,455,257,282,277,279,85,332,186,185,122,69,10,151,129,421,194,245,283,461,418,320,369,396,334,56,36,236,255,343,395,148,291,51,200,393,42,250,133,248,213,388,380,271,131,394,183,353,349,416,125,270,263,158,377,201,59,29,53,138,445,308,23,193,360,427,54,259,1,312,465,109,345,219,441,52,3,401,367,384,457,281,11,315,239,411,153,373,321,12,467,429,47,284,118,453,241,426,356,268,147,27,215,407,96,253,436,74,405,264,37,95,287,17,182,328,235,331,80,365,341,176,145,101,419,382,354,71,136,233,41,14,Nombre del problema: bcsstk20.mtx.rnd } maxCut: 102
Tempo de execução 10 chamdas: 12242
curr cut 23
curr cut 25
curr cut 25
curr cut 23
curr cut 25
curr cut 24
curr cut 25
curr cut 24
curr cut 25
curr cut 24
{83,31,44,90,7,18,75,13,58,2,97,19,105,39,81,46,12,49,93,24,33,71,26,53,48,5,57,74,88,72,42,17,25,91,65,43,22,76,15,69,27,59,3,9,56,108,79,77,51,62,47,92,101,102,70,106,78,55,21,82,41,86,50,100,61,110,63,54,104,8,109,37,10,66,89,96,52,20,85,6,94,84,87,36,11,45,14,73,35,16,64,95,40,29,98,107,28,32,34,67,80,68,23,30,38,1,4,60,103,99,Nombre del problema: bcsstk22.mtx.rnd } maxCut: 23
Tempo de execução 10 chamdas: 213
curr cut 52
curr cut 44
curr cut 41
curr cut 59
curr cut 55
curr cut 54
curr cut 41
curr cut 39
curr cut 43
curr cut 41
{122,135,28,84,114,127,66,74,4,136,133,132,138,39,52,79,27,30,128,68,112,117,82,2,53,90,116,70,130,131,55,63,125,121,58,96,119,104,67,50,18,106,60,62,44,88,69,25,38,85,8,126,120,73,23,75,123,140,81,61,32,72,100,41,5,113,26,115,31,107,33,29,9,86,10,15,51,83,46,94,97,64,56,42,143,91,1,6,103,139,77,3,98,7,129,20,22,80,36,40,105,71,95,48,93,92,108,124,142,59,57,14,24,99,43,111,54,76,12,49,144,16,110,109,35,21,101,47,45,37,87,141,134,137,19,17,118,102,13,34,89,78,65,11,Nombre del problema: can__144.mtx.rnd } maxCut: 39
Tempo de execução 10 chamdas: 521
curr cut 68
curr cut 68
curr cut 72
curr cut 74
curr cut 72
curr cut 68
curr cut 73
curr cut 66
curr cut 71
curr cut 66
{17,81,34,15,102,88,36,98,25,127,63,75,78,31,12,142,23,110,145,79,106,150,135,1,67,92,48,158,37,90,82,3,113,21,46,115,105,85,27,50,129,40,154,38,52,51,99,80,57,100,11,119,89,47,42,6,43,141,39,109,45,53,73,35,8,54,66,24,104,161,71,19,124,159,84,120,123,22,122,70,76,151,5,148,9,144,143,14,136,49,91,132,58,20,72,29,112,147,13,155,33,77,83,59,18,64,111,137,65,130,133,160,146,126,131,55,56,97,121,26,2,44,60,116,93,87,125,128,139,4,156,68,62,30,118,134,117,41,152,108,95,101,138,7,149,140,153,103,32,74,61,10,16,86,114,28,69,96,94,107,157,Nombre del problema: can__161.mtx.rnd } maxCut: 66
Tempo de execução 10 chamdas: 626
curr cut 15
curr cut 17
curr cut 20
curr cut 17
curr cut 14
curr cut 14
curr cut 15
curr cut 14
curr cut 14
curr cut 14
{16,7,21,10,25,24,17,38,36,4,12,15,54,34,29,43,53,1,40,28,2,32,35,47,48,22,27,42,26,37,33,18,41,11,39,46,52,44,50,8,6,5,49,23,3,20,14,51,9,19,45,13,30,31,Nombre del problema: curtis54.mtx.rnd } maxCut: 14
Tempo de execução 10 chamdas: 57
curr cut 117
curr cut 123
curr cut 117
curr cut 120
curr cut 117
curr cut 119
curr cut 120
curr cut 120
curr cut 119
curr cut 119
{8,19,44,101,90,23,73,20,140,54,28,31,11,135,50,43,107,7,38,144,83,87,58,4,2,142,128,109,47,112,22,114,5,34,100,96,71,65,132,64,59,1,115,30,33,129,12,36,57,16,21,133,35,63,52,55,29,75,92,66,84,91,39,122,94,95,139,106,123,13,56,86,76,130,108,111,124,145,126,46,51,17,9,141,18,113,27,80,37,99,79,32,53,89,40,97,77,98,117,102,134,131,116,110,69,85,42,72,14,48,24,45,119,120,136,125,121,137,78,88,67,10,138,6,143,26,70,105,146,49,74,118,103,15,61,62,60,127,25,41,68,82,81,3,93,104,147,Nombre del problema: lund_a.mtx.rnd } maxCut: 117
Tempo de execução 10 chamdas: 1139
curr cut 450
curr cut 404
curr cut 391
curr cut 392
curr cut 405
curr cut 391
curr cut 391
curr cut 450
curr cut 405
curr cut 391
{119,66,102,145,52,4,168,74,118,32,44,72,68,47,91,130,46,96,152,19,136,153,76,60,30,97,141,77,31,164,137,167,73,107,17,110,100,29,86,9,106,95,28,166,70,127,134,149,82,84,126,88,85,65,43,71,117,80,129,161,10,128,48,150,99,115,143,163,116,94,160,144,3,53,109,75,51,1,124,122,23,135,56,42,159,13,41,54,121,24,45,57,113,38,158,62,147,2,148,108,139,16,21,14,125,104,114,165,79,132,81,154,25,20,61,103,67,26,35,8,40,78,162,93,90,151,50,89,83,59,58,36,12,22,39,27,157,55,101,155,140,6,15,105,111,18,87,138,133,63,123,5,7,11,146,120,49,64,112,92,142,34,98,156,69,37,131,33,Nombre del problema: mcca.mtx.rnd } maxCut: 391
Tempo de execução 10 chamdas: 1751
curr cut 63
curr cut 69
curr cut 68
curr cut 68
curr cut 74
curr cut 94
curr cut 72
curr cut 65
curr cut 68
curr cut 66
{65,118,70,228,114,175,92,136,217,161,253,97,139,95,250,62,243,34,111,108,28,159,180,174,187,246,85,124,31,93,193,27,86,173,195,252,48,219,147,146,50,16,157,44,188,257,259,41,53,121,131,54,229,33,129,101,155,183,55,171,221,5,117,141,2,227,190,21,29,232,130,90,63,213,162,198,199,73,80,49,192,179,104,22,7,137,100,14,167,20,216,128,177,201,32,72,122,231,211,83,26,60,42,205,64,140,158,151,59,113,74,191,248,163,222,43,81,116,142,186,135,160,249,58,3,45,207,11,165,233,212,47,226,109,169,200,156,239,8,220,215,91,13,38,68,242,194,241,87,245,78,23,164,6,237,202,204,184,123,144,172,112,255,170,61,236,234,9,4,103,36,37,224,150,125,35,154,197,189,256,254,82,96,206,261,102,15,218,105,127,145,178,223,10,143,67,244,30,120,77,208,176,166,258,209,181,210,71,115,138,99,46,196,148,19,235,132,1,89,66,75,88,18,251,84,238,134,107,17,98,12,94,149,153,126,79,225,240,182,25,40,106,230,214,119,52,152,168,57,24,110,76,260,69,133,51,185,203,56,39,247,Nombre del problema: nnc261.mtx.rnd } maxCut: 63
Tempo de execução 10 chamdas: 1344
curr cut 263
curr cut 276
curr cut 282
curr cut 227
curr cut 263
curr cut 230
curr cut 228
curr cut 234
curr cut 228
curr cut 271
{261,220,380,336,285,196,101,403,369,311,183,25,108,228,393,319,159,253,215,278,96,179,57,395,377,430,451,178,19,155,92,78,71,427,181,324,434,383,88,296,411,412,164,374,312,314,59,145,392,400,45,156,148,140,126,83,445,363,22,357,242,64,358,9,194,55,152,439,103,252,102,424,251,390,204,292,236,347,406,276,233,190,42,407,165,433,420,429,414,82,308,192,231,446,84,379,29,270,440,189,217,289,256,290,160,300,461,180,66,279,187,309,436,418,182,191,356,195,94,381,419,124,117,221,76,207,174,8,99,139,441,166,30,74,136,460,12,405,376,335,450,408,298,34,437,448,150,293,63,352,121,397,193,272,244,123,264,223,370,425,154,259,373,129,315,7,421,317,366,211,458,442,416,422,219,362,20,225,176,131,10,282,163,462,455,229,346,340,294,169,350,463,161,299,333,168,452,404,234,98,428,75,67,197,171,134,175,368,120,254,128,323,331,295,443,226,52,354,435,466,391,112,70,185,288,53,116,104,111,250,268,170,284,157,109,364,325,153,454,266,210,227,342,122,258,344,41,137,93,69,13,385,48,56,394,464,15,212,87,465,316,3,388,322,80,378,382,51,44,355,50,100,287,307,275,47,77,199,291,37,426,371,224,453,106,202,26,417,459,444,33,240,205,343,384,86,39,107,95,144,186,36,38,401,286,85,375,73,2,305,24,263,173,206,255,118,457,410,5,200,141,359,151,338,49,114,367,14,248,60,230,399,348,415,27,456,62,269,260,143,43,339,81,110,198,35,6,91,208,32,222,467,274,113,304,313,239,353,158,218,360,90,133,184,303,349,431,247,214,329,320,65,432,17,277,361,167,372,423,138,135,438,201,28,398,328,146,409,149,265,267,402,23,72,18,68,280,468,147,132,54,172,11,396,89,246,188,306,127,351,238,142,203,334,262,332,213,297,321,413,125,21,326,447,330,105,257,46,235,232,271,241,119,337,249,237,31,387,243,245,79,115,177,318,130,1,61,97,4,283,386,327,341,162,40,365,345,16,281,216,310,209,389,302,449,273,301,58,Nombre del problema: nos5.mtx.rnd } maxCut: 227
Tempo de execução 10 chamdas: 11478
curr cut 143
curr cut 139
curr cut 136
curr cut 140
curr cut 144
curr cut 145
curr cut 141
curr cut 141
curr cut 137
curr cut 136
{530,32,259,340,5,360,606,565,627,83,256,432,86,304,406,590,508,174,113,385,375,663,279,497,221,120,482,294,626,479,335,593,45,65,97,269,212,620,451,203,283,603,44,572,61,485,166,202,645,531,125,149,225,605,526,580,631,345,390,10,612,156,379,245,271,26,172,266,250,670,205,106,79,575,467,87,46,634,430,586,84,141,163,370,27,300,36,216,563,144,503,253,507,672,129,500,556,429,34,535,105,667,29,117,436,545,213,85,192,648,549,303,397,639,524,158,323,657,552,148,576,185,95,234,597,389,583,632,364,636,428,137,533,90,518,153,411,445,416,578,299,378,278,559,124,70,107,644,96,392,646,446,493,265,641,669,368,457,598,656,248,448,23,332,60,184,391,296,235,200,604,268,109,297,401,330,276,600,458,555,155,100,121,2,607,403,282,55,312,179,675,241,537,505,665,355,288,218,601,69,544,31,664,89,588,661,520,459,228,143,443,43,103,449,201,33,214,139,327,613,1,398,523,159,396,376,224,255,628,108,380,492,177,569,481,366,301,471,427,415,341,635,30,180,574,302,480,474,599,529,115,587,285,122,473,261,320,42,541,447,6,560,169,435,337,317,595,464,24,352,324,496,570,624,313,111,298,16,68,557,562,571,116,147,119,564,198,307,633,673,373,229,502,476,39,342,348,413,165,17,566,275,187,199,668,81,528,516,594,9,244,220,195,419,281,260,59,509,539,519,542,359,504,438,455,338,456,475,219,238,151,596,227,21,54,233,188,157,439,316,91,262,101,660,617,625,160,349,334,618,384,308,94,630,383,8,546,22,232,189,57,477,164,127,394,568,243,592,652,152,614,306,365,472,284,577,328,393,353,347,343,88,418,63,270,331,286,309,110,642,226,258,553,273,182,140,525,14,339,615,511,162,314,252,514,274,254,236,369,582,515,325,3,176,536,132,547,517,404,114,131,543,550,319,487,321,437,647,78,671,37,118,222,40,247,196,579,194,387,210,483,495,52,372,501,19,217,231,48,584,191,674,170,454,75,362,183,489,126,465,134,239,336,554,35,640,450,548,558,123,651,619,608,551,53,73,74,494,310,211,13,38,400,421,173,611,460,311,257,49,104,488,93,363,486,315,513,25,386,291,240,585,374,426,290,591,424,388,171,72,263,47,621,76,246,135,653,382,662,414,145,193,527,64,51,534,142,322,50,77,204,381,58,209,602,499,356,643,609,138,444,377,637,71,130,506,287,190,498,484,463,230,610,442,417,361,333,326,412,267,20,468,666,567,28,128,92,318,470,207,405,346,41,440,277,358,655,242,223,573,181,410,350,4,82,206,422,150,175,478,99,80,197,650,136,658,654,395,371,423,538,237,433,490,441,462,280,357,7,461,561,167,532,512,659,292,168,12,540,249,351,305,638,186,146,178,329,623,208,133,154,62,18,409,622,521,399,272,11,264,251,453,431,67,452,434,15,112,510,629,466,589,56,354,581,616,649,522,102,425,407,215,367,408,402,344,161,289,420,293,98,295,469,491,66,Nombre del problema: nos6.mtx.rnd } maxCut: 136
Tempo de execução 10 chamdas: 10216
curr cut 219
curr cut 200
curr cut 186
curr cut 204
curr cut 196
curr cut 208
curr cut 195
curr cut 203
curr cut 204
curr cut 197
{111,178,114,326,358,9,314,171,313,85,266,327,236,190,315,349,181,210,288,95,268,232,11,43,275,45,82,149,164,226,298,321,299,104,90,3,317,281,233,272,235,49,58,100,357,194,271,188,5,151,62,110,243,51,137,265,182,208,213,218,64,261,359,25,180,76,155,23,185,262,189,146,1,360,328,340,156,117,197,196,53,348,142,335,225,324,186,161,330,217,173,39,344,282,241,337,47,293,163,18,356,132,334,276,311,250,16,195,230,304,143,147,55,86,199,216,351,341,207,193,48,106,346,352,249,101,260,22,59,296,205,191,157,129,209,124,269,68,333,79,234,289,279,214,133,256,239,237,285,354,350,223,75,183,252,166,6,32,116,7,267,303,322,192,292,50,211,277,300,165,264,168,56,42,291,305,138,263,200,67,301,203,71,274,176,81,107,345,122,77,283,150,13,152,33,221,297,206,136,80,245,158,257,212,69,28,34,12,159,4,74,139,224,52,14,222,108,336,135,88,97,254,73,119,270,112,24,255,134,29,160,148,21,331,123,320,91,118,131,347,309,35,306,102,220,145,318,332,302,65,19,253,126,37,98,295,83,30,20,353,153,259,238,140,280,121,10,44,215,63,41,175,312,307,201,66,54,172,26,170,144,219,113,308,286,15,246,36,93,84,128,248,2,287,94,115,242,109,179,323,46,125,229,273,278,78,174,187,89,343,141,70,103,244,57,342,120,251,8,96,361,247,316,184,105,284,227,169,310,38,177,355,162,130,339,228,61,60,290,231,294,362,99,72,87,40,17,319,31,240,198,204,325,167,329,338,258,154,27,127,92,202,Nombre del problema: plat362.mtx.rnd } maxCut: 186
Tempo de execução 10 chamdas: 6233
curr cut 84
curr cut 82
curr cut 79
curr cut 80
curr cut 80
curr cut 83
curr cut 78
curr cut 80
curr cut 82
curr cut 79
{109,191,101,324,318,41,290,189,340,177,255,350,279,250,342,297,188,190,338,93,253,302,55,90,276,38,5,137,199,202,282,311,295,139,112,51,303,309,265,231,259,49,18,48,296,206,244,176,70,148,68,80,221,29,196,240,234,220,215,227,105,154,362,82,166,87,204,88,223,263,182,172,25,312,283,306,79,152,169,158,24,264,115,355,178,343,185,149,286,156,198,61,325,284,238,277,20,292,121,122,323,150,351,281,337,248,14,216,280,356,129,89,66,107,146,243,344,275,210,194,42,124,294,313,239,56,214,92,59,266,200,208,180,144,170,135,157,57,268,27,226,335,141,247,113,289,310,326,261,341,353,207,52,262,217,209,73,83,118,58,252,333,316,159,308,19,163,242,359,131,229,232,110,4,233,360,142,201,175,9,270,361,74,249,219,65,184,319,111,103,291,155,84,94,37,288,327,212,153,50,260,164,213,193,28,15,8,22,127,40,53,205,329,3,72,241,133,258,197,114,86,245,77,98,314,106,54,257,126,2,123,120,17,349,104,334,35,181,145,332,348,60,321,71,203,134,336,331,304,32,108,230,96,10,81,328,78,44,47,269,224,285,271,102,354,117,76,11,298,138,12,218,345,307,192,125,36,179,6,151,67,211,85,322,278,100,272,1,7,143,140,267,33,160,43,75,222,128,237,315,162,168,136,228,225,64,183,236,26,301,174,69,46,254,63,358,173,246,23,119,317,320,300,147,62,274,287,167,339,45,171,293,97,116,273,256,30,31,347,195,299,330,16,21,161,34,13,357,39,305,187,186,251,130,352,346,99,165,95,91,132,235,Nombre del problema: plskz362.mtx.rnd } maxCut: 78
Tempo de execução 10 chamdas: 4190
curr cut 410
curr cut 402
curr cut 392
curr cut 402
curr cut 397
curr cut 399
curr cut 390
curr cut 414
curr cut 385
curr cut 411
{274,50,442,548,254,71,464,623,438,197,256,508,588,121,620,214,60,222,657,406,583,495,589,600,62,159,243,46,110,119,165,242,303,290,175,322,485,92,93,59,73,193,327,349,18,334,278,227,171,515,529,162,387,436,523,279,470,144,478,231,340,127,131,52,319,662,129,415,143,544,645,19,424,276,128,24,291,626,237,152,302,49,642,655,636,107,120,248,158,35,477,389,77,391,299,558,585,416,324,249,233,586,481,371,402,36,582,459,103,82,599,31,513,75,474,148,557,540,568,106,516,639,138,201,353,379,300,250,433,393,621,356,398,118,10,514,611,147,210,479,283,173,32,109,174,232,546,320,404,37,28,483,185,216,228,505,48,124,220,444,541,229,422,368,637,616,651,351,115,524,54,211,445,23,65,245,554,377,333,410,308,409,112,426,565,448,330,555,486,370,318,530,57,633,76,217,166,280,534,654,88,273,499,359,484,169,394,519,221,378,163,206,641,25,16,150,89,282,323,388,297,86,67,350,453,339,390,275,196,488,241,630,96,257,457,612,22,271,309,429,417,331,552,338,361,471,435,503,287,449,431,441,63,213,592,285,239,487,660,603,298,1,413,458,383,538,427,617,482,556,652,456,269,186,134,238,91,507,491,454,53,313,343,284,168,533,314,61,47,317,176,301,462,577,460,520,403,26,325,44,567,501,326,392,117,663,199,595,439,281,517,493,139,80,560,543,455,473,98,34,183,604,598,606,615,542,41,627,656,362,270,571,11,190,2,8,230,294,218,346,72,624,463,572,419,587,591,622,581,195,345,352,252,428,364,475,643,640,133,634,521,95,496,504,78,400,329,661,440,17,551,122,149,51,268,580,355,547,382,579,55,490,536,535,226,99,235,408,208,219,590,261,532,575,272,489,209,376,380,363,205,160,446,644,545,126,145,539,84,180,365,597,347,38,335,135,137,240,573,181,172,625,244,561,12,594,632,381,385,472,194,316,372,69,494,178,184,549,354,258,506,332,104,574,74,553,161,336,83,375,526,251,605,288,64,154,527,13,609,658,628,6,111,125,451,224,157,90,341,570,311,189,21,42,202,337,87,373,649,550,215,596,608,593,569,187,56,412,635,4,153,70,425,310,432,142,140,203,465,234,564,315,407,659,618,179,653,114,306,295,646,418,182,164,360,399,480,342,156,447,247,648,443,198,14,566,423,188,468,461,108,102,151,411,130,263,253,204,562,236,469,401,68,395,631,33,94,225,262,66,289,421,9,452,15,79,141,312,5,369,528,638,450,510,266,43,414,619,601,420,531,113,85,357,578,155,537,264,146,293,97,177,170,466,498,386,81,384,191,45,500,307,321,292,255,296,40,613,476,614,246,101,518,29,584,223,629,430,30,305,525,647,405,132,328,434,260,358,58,344,576,366,123,348,212,607,492,192,563,3,267,374,610,512,650,502,200,259,277,100,286,7,397,522,467,20,304,27,105,396,265,559,39,511,167,602,116,509,437,367,497,136,207,Nombre del problema: shl__200.mtx.rnd } maxCut: 385
Tempo de execução 10 chamdas: 14164
curr cut 402
curr cut 409
curr cut 399
curr cut 405
curr cut 406
curr cut 403
curr cut 391
curr cut 411
curr cut 398
curr cut 397
{281,100,529,451,506,13,653,547,568,47,284,44,362,148,659,303,35,537,87,623,403,431,249,240,488,123,232,143,159,115,182,176,40,353,524,50,359,38,185,581,172,293,333,478,28,394,149,142,516,346,416,187,422,490,442,55,181,116,443,198,84,255,26,171,421,253,157,321,239,17,398,481,605,96,101,19,544,513,59,236,365,397,388,347,337,565,378,8,268,567,510,91,473,309,140,556,360,345,127,164,264,577,483,277,489,251,566,655,246,6,312,69,548,139,501,300,205,597,375,99,370,496,49,174,445,248,291,528,427,477,588,450,361,1,525,559,507,111,124,257,237,580,117,217,313,654,204,453,457,165,306,177,433,311,625,270,223,41,51,54,440,12,636,461,471,178,550,118,574,351,252,161,173,36,238,616,256,70,322,420,225,219,90,57,493,476,402,315,638,596,539,409,244,645,267,42,27,199,15,607,120,448,618,186,601,56,126,436,329,459,9,261,542,624,620,146,170,405,517,434,179,235,63,533,458,169,317,590,326,627,136,407,46,308,221,213,297,435,294,350,541,535,640,532,122,153,425,530,389,369,379,151,39,298,395,332,105,245,295,134,598,600,367,33,641,603,266,486,260,66,417,352,401,515,83,226,468,642,467,552,189,274,218,259,22,408,305,175,193,330,75,522,349,487,570,648,613,77,576,16,630,526,21,413,558,633,196,617,304,314,79,509,227,197,662,374,426,338,97,344,646,355,400,202,447,307,324,637,595,449,23,538,209,52,273,131,608,561,619,275,290,432,103,356,491,341,254,456,454,644,591,133,61,626,156,106,24,555,92,441,358,328,154,503,60,429,452,635,348,107,48,612,166,622,279,444,497,521,611,465,643,340,594,342,82,121,45,272,74,86,463,220,647,504,560,571,113,380,523,639,94,76,578,150,621,411,214,589,460,658,586,377,492,215,144,632,319,373,385,286,20,265,102,650,37,480,29,162,469,224,31,233,30,11,543,242,602,551,583,18,258,657,262,606,424,163,168,71,34,438,283,599,419,282,212,502,553,331,301,609,320,534,511,10,472,269,231,208,587,155,67,334,138,81,88,135,128,484,446,546,563,5,660,628,263,58,393,575,357,192,152,287,505,482,391,73,89,494,354,437,540,288,415,390,366,72,584,323,195,593,292,302,7,137,364,387,25,112,336,285,428,381,455,610,93,464,363,207,661,384,194,109,310,656,399,316,404,32,216,191,382,629,531,500,573,110,188,147,414,210,95,392,247,98,64,85,160,564,68,569,604,228,423,376,271,485,339,184,475,280,234,229,206,557,190,43,663,325,132,203,201,183,211,241,167,396,278,466,114,129,230,479,439,631,145,343,53,562,614,498,276,289,527,585,470,371,508,579,104,250,519,108,180,410,462,383,141,554,119,545,418,125,582,615,652,386,372,327,549,130,474,518,495,243,412,62,65,158,651,200,318,3,592,368,520,14,78,2,430,296,335,406,499,649,4,514,80,634,536,512,572,222,299,Nombre del problema: shl__400.mtx.rnd } maxCut: 391
Tempo de execução 10 chamdas: 14019
curr cut 561
curr cut 573
curr cut 561
curr cut 571
curr cut 574
curr cut 573
curr cut 571
curr cut 566
curr cut 573
curr cut 561
{261,280,332,316,148,223,125,100,44,191,4,138,107,270,243,35,124,78,22,314,340,233,294,11,48,276,249,308,204,184,319,92,126,224,235,255,211,305,253,89,326,123,347,179,331,1,64,50,37,228,285,95,61,323,55,219,93,268,208,20,264,163,274,108,348,206,97,12,183,155,333,318,152,38,10,220,222,69,232,112,238,322,79,354,36,87,130,203,147,59,122,353,190,31,142,330,7,17,66,247,262,14,3,337,26,49,199,246,352,287,43,136,244,118,141,312,327,139,329,157,290,218,216,279,82,144,225,309,114,178,54,65,355,356,214,106,248,151,53,180,171,239,230,73,306,153,293,284,99,349,177,299,58,315,260,80,263,75,86,68,77,187,28,185,197,170,342,334,29,158,131,156,317,83,193,265,346,52,45,165,310,72,128,266,254,13,194,221,172,168,39,167,256,24,91,226,116,62,291,188,18,146,104,258,166,102,212,94,101,154,23,350,363,196,338,120,304,357,134,296,19,117,301,269,275,227,321,164,137,42,115,176,303,85,267,286,111,292,159,242,207,201,132,283,67,121,229,343,341,200,325,289,16,273,240,96,210,161,336,113,351,74,359,84,198,181,281,15,288,135,88,307,143,278,213,160,21,63,202,145,127,41,25,71,320,9,195,362,252,297,81,57,162,358,324,173,311,8,295,271,277,209,259,175,60,109,32,133,34,51,215,149,245,234,27,90,205,5,360,140,56,313,119,282,257,70,328,76,105,6,189,103,30,129,174,186,33,47,2,335,237,298,231,241,40,98,300,192,251,182,302,345,150,110,272,217,361,169,344,46,339,250,236,Nombre del problema: str__200.mtx.rnd } maxCut: 561
Tempo de execução 10 chamdas: 8670
curr cut 608
curr cut 609
curr cut 610
curr cut 619
curr cut 613
curr cut 609
curr cut 619
curr cut 614
curr cut 619
curr cut 609
{284,24,191,128,192,117,44,354,108,193,339,51,110,107,347,356,132,334,317,170,310,204,195,293,281,177,171,17,270,36,169,338,200,264,273,22,258,65,187,119,186,46,205,254,172,283,276,60,30,185,99,79,31,52,286,280,328,50,40,324,218,226,16,137,96,269,2,306,145,271,203,125,235,319,32,199,20,111,10,154,168,181,152,70,288,11,66,156,216,308,190,56,282,323,215,18,54,245,129,41,47,228,349,165,340,348,277,162,146,305,9,266,207,121,175,94,82,262,131,297,115,268,183,38,298,227,252,164,122,206,303,301,1,13,14,118,255,230,296,311,285,357,257,326,134,237,48,138,101,29,263,3,304,159,140,112,198,91,346,360,104,239,126,143,261,209,26,69,362,217,27,223,45,315,105,212,116,312,64,251,189,307,8,182,174,329,158,358,256,231,337,213,147,155,279,43,7,57,88,299,331,253,136,142,238,344,202,363,173,250,351,15,109,260,244,233,208,86,58,25,327,210,12,178,61,272,78,214,241,294,97,300,130,219,75,141,73,188,232,287,197,267,225,135,275,322,194,87,81,34,163,127,19,133,302,76,321,246,49,33,23,149,180,68,102,249,229,330,157,166,274,179,123,74,63,161,345,325,243,242,160,343,353,144,95,234,124,93,37,83,6,291,220,100,77,211,55,290,35,84,167,295,39,222,341,120,335,240,333,5,265,114,153,72,352,89,342,332,196,309,355,4,90,92,53,359,184,139,85,292,313,67,361,151,28,248,318,42,350,106,71,21,148,278,316,103,336,236,176,224,314,98,247,320,113,289,80,201,259,150,59,62,221,Nombre del problema: str__600.mtx.rnd } maxCut: 608
Tempo de execução 10 chamdas: 12004
curr cut 12
curr cut 15
curr cut 15
curr cut 15
curr cut 15
curr cut 15
curr cut 16
curr cut 13
curr cut 15
curr cut 15
{11,20,33,23,5,14,13,7,47,3,36,19,9,50,10,31,51,44,18,56,37,30,26,38,12,49,8,29,28,54,15,4,16,42,34,39,2,6,41,45,43,48,57,1,32,35,40,24,53,21,25,17,27,52,55,46,22,Nombre del problema: will57.mtx.rnd } maxCut: 12
Tempo de execução 10 chamdas: 74
curr cut 139
curr cut 137
curr cut 140
curr cut 137
curr cut 137
curr cut 139
curr cut 138
curr cut 141
curr cut 139
curr cut 136
{4,8,36,167,162,14,147,56,148,137,17,168,21,110,87,54,173,182,31,86,108,146,149,15,89,178,91,11,65,45,160,169,152,81,128,181,153,59,161,163,66,37,174,196,107,195,7,74,187,136,102,61,103,13,124,95,30,83,135,48,118,9,25,186,24,151,58,100,111,172,82,19,57,76,73,53,62,130,94,154,79,69,119,32,144,33,193,72,39,105,176,141,165,98,127,5,23,10,156,166,20,88,175,71,84,35,51,28,12,52,96,134,117,170,109,122,138,183,131,179,67,116,190,26,50,185,85,6,22,78,34,189,99,120,125,121,171,199,113,16,158,106,40,177,191,97,126,164,197,38,93,1,142,55,90,75,132,70,194,92,44,68,157,29,47,77,41,192,145,155,104,140,49,184,114,2,42,63,123,112,27,180,43,18,198,64,150,115,129,159,46,3,60,188,133,143,139,101,80,Nombre del problema: will199.mtx.rnd } maxCut: 136
Tempo de execução 10 chamdas: 1251
